"PID","Sale_Price"
526301100,203712.2
526350040,118372
526351010,161609.9
526353030,248139.7
527105010,191784.8
527105030,202593.5
527127150,193488.9
527145080,179406.3
527146030,242305.1
527162130,190414.5
527163010,180211
527165230,178118.3
527166040,166603.1
527180040,191179.1
527182190,214537
527216070,527203.8
527225035,190253.3
527258010,389980.8
527276150,106273
527302110,215658
527358140,200573.2
527358200,171345.7
527368020,206017.2
527402200,150874.2
527402250,156879.5
527403020,138480.6
527404120,127269.8
527425090,107729.7
527427230,202871
527451180,98202.2
527451330,100284.6
527451410,97778.7
527452190,138526.2
527453130,149731.5
527453150,112126
527454200,147679.8
528108120,369066.6
528112020,305638.8
528120060,380036.8
528120090,235690.2
528120100,229172.6
528120120,289412.8
528138020,305422.6
528138060,203074.4
528150070,565036.8
528175010,221394
528176010,503630.3
528176070,323705.3
528180070,287747.2
528181050,203609.1
528188120,169202.1
528218150,183550.1
528228285,163741.5
528228440,184397
528231020,182308.4
528240070,226480.2
528240130,194828.2
528250100,169481
528292020,223800.2
528328100,314675.7
528344070,347026.8
528358010,245566.6
528363130,337167.9
528382020,303332.9
528382030,210126.6
528386040,415222.7
528445060,242600.9
528456160,200283.3
528458070,196768.1
528458110,251432.7
528477080,239193.9
528480090,253534.3
531367050,214597.8
531369060,184596.2
531380080,241133.8
531451110,130281.2
531451280,207847.2
531452020,120841.3
531452050,121810.3
531452180,197463.1
531453010,143835.8
531453040,157337.6
531477050,74699.9
532351140,132119.5
532354090,148638.5
532376160,132296.8
532377060,117828.6
532377100,127223.3
532378110,132873
532479070,180816.2
533130020,221818.6
533130130,318202.3
533130160,286590.9
533205060,256492.1
533208090,182857
533210060,157367.8
533212010,149255.7
533212020,157177.6
533212060,158653.2
533213030,253936
533221090,179946.1
533221110,178366.3
533223020,169029.3
533223100,149504
533238045,291842.4
533244030,234605.9
533253060,147518
533253210,195642.4
533352170,156151.5
534102025,231142.1
534129040,186057.7
534151175,266479.5
534152050,222756.2
534152070,204091.8
534152100,190389.1
534176060,177804.3
534176230,157003.7
534202160,145318.1
534251320,161309.4
534276360,120573.6
534401110,149119.9
534401140,175124.5
534403360,147438.2
534403410,168603.8
534425310,143662.1
534427010,159598.2
534430080,142881.2
534431050,204353.1
534431070,157288.1
534450180,121136.2
534451150,90812.8
534475100,124856.2
534476260,162105.7
534479320,135214.3
535101020,166559.8
535106190,160547.5
535125010,229112.7
535126040,208622.3
535152010,134085.8
535152050,224412.3
535152130,136136.3
535152150,169684.6
535152250,144196.1
535153070,132571.1
535154050,135685.9
535175070,150033.9
535175180,133704.8
535179020,174397.7
535180130,110625.5
535302080,125467.9
535302200,123934.9
535304060,119592.7
535304180,126000.8
535325400,102566.4
535327140,103543.8
535350030,148975.1
535350040,128860.9
535353190,127409.5
535377090,138461.9
535401080,163576.7
535425010,242426.5
535450210,134581.3
535453070,152513.2
535454070,136560.6
535456110,134790.2
535457010,137132.4
535457090,140934.4
535476350,170864.6
535477020,154357.6
902102100,104851.7
902104060,88670.5
902106130,95837.6
902106140,112677
902110090,147058.3
902125080,115545.3
902125160,78723.3
902128170,111605
902206040,130125.4
902206130,119975
902206220,149245.7
902206240,106761
902207130,15974
902207140,85066.9
902305110,119583.9
902327040,130588.2
902329030,202771.6
902401060,82133.6
902402010,147302.5
902402130,102577.4
902402250,121391.1
902403070,140722.4
903204040,137844.5
903206120,191205.7
903225150,84568.8
903226160,100199.8
903227020,132043
903227150,126376
903228150,131856
903232190,117133.4
903233120,136939.9
903234050,114127.8
903425110,136345.9
903426180,142294.8
903426200,159724.2
903430080,117341.1
903450110,106295.6
903454060,60741.7
903476030,148732.2
904100140,209730
904101110,169862.5
904300150,82549
904302260,101707.9
904350045,93741.4
904351040,92332.7
904352190,118729.8
905101100,90493.9
905101300,137289
905101310,127509.9
905102060,135944.1
905103060,144380.4
905104210,123308.1
905105070,140186.4
905105200,132754.9
905106140,146143.5
905106170,125138.4
905107110,167170.2
905107250,154069
905107320,143440.1
905109130,300507.5
905109170,263658.9
905201030,80744.4
905202090,126781.4
905325030,232389.4
905352140,226117
905378040,168476.4
905426060,79855
905426200,144596.5
905451320,133408.1
905452110,128996.3
905452160,144817
905453040,179368.7
905453080,292368.6
905475510,129316.7
905478190,92435.4
906201030,183778
906201120,251646.5
906204230,257630.6
906223090,224450.4
906225210,160259.2
906378100,244638.2
906380190,184432.4
906385010,191953.3
906385020,186627.8
906402200,349575.2
906425045,137162.8
906477110,145563.4
907125090,157529.1
907180050,191447.8
907185060,189615
907200280,152987.9
907200290,150931.7
907200340,129286.6
907203070,129089
907250030,307789.6
907252120,244401.9
907262050,225119.5
907280040,228710.8
907290040,196044.7
907290170,141277
907290240,141839
907401090,236722.2
907410080,203809.9
907414030,183407.5
908102060,76202
908102110,95373.1
908102130,100769.5
908102170,147774.7
908102300,70270.9
908103350,128902.8
908152080,119415.5
908203100,94213.1
908208020,136349.8
908225320,124266.7
908226130,85109.3
908275300,136299
909100080,127187.9
909100110,125159.2
909101070,66511.9
909176140,138776.6
909176150,116813.1
909177100,128525.9
909250030,114227.2
909250060,177456.6
909281080,253701.2
909426080,202873.5
909427230,256798.5
909428280,288843.1
909452114,206389.8
909455030,187512.6
909455040,173745
909475140,262860
910202060,117581.4
910203250,70598.9
910205120,114706.5
911128180,70598
911202100,86583
911204090,68038.1
911204100,53247.3
911370510,256033.1
914467040,246128.4
914475090,178482
914476520,196325.6
914478045,150016.1
914478110,167354.6
916125360,163826.3
916386010,226526
916386020,186596.4
916386060,164173.6
916386090,274810
916455170,218580
916475110,199185.5
921128020,364388.5
923201020,140684.6
923202105,177743
923204150,132874.9
923205015,165726.8
923225300,89566
923225390,122224.8
923225440,92741.8
923226250,91170.6
923226320,76270.5
923228270,81450.7
923228370,85940.9
923230190,126458.7
923251080,145149.8
923276030,142193
923276250,176411.1
923426070,135380.9
924100050,138258.5
924151040,273481.1
924152030,220529.2
526302110,121760.1
526351100,162576.2
526355080,345058
527105070,192271
527105130,274731.6
527107130,177305.8
527108070,369503.3
527110020,159540.6
527127100,354750.8
527131030,265240.2
527132090,200078.2
527146010,232298.8
527161040,172159.3
527162110,183563.8
527162120,195153.1
527163040,184431.3
527163070,178371.8
527163130,185852.3
527164020,163131.2
527164060,170074
527164090,165425.2
527165130,172427.7
527166010,232792.2
527180100,169729.4
527182110,182609.2
527214050,508131.9
527254020,368985.6
527258020,259048.7
527276160,184256.2
527301320,248731.3
527302175,177316.5
527326040,117457.1
527326150,225406.9
527352150,171244.2
527353020,184136.1
527353060,244056.8
527354100,191612.6
527354200,190701.5
527355150,291600.3
527356040,160246.6
527359050,144873.9
527359180,186263.1
527364030,242806.9
527365030,234322.2
527366030,216885.5
527368010,231772.6
527375100,197533.5
527375180,157153.5
527375210,152155.6
527376100,146177.8
527378140,160298.5
527401160,130892.3
527402220,134724.8
527403040,142228.7
527404020,132139.1
527404030,135360.9
527405130,116131.3
527405160,117637.5
527405180,124521.1
527425060,107712.1
527425110,123585.1
527450280,101201.5
527451110,121663.3
527451320,99867.1
527451540,100528.5
527451640,112546.5
527451650,119610
527452060,131655.2
527453050,144312.2
527453060,146213.9
527453140,136682.6
527454050,140307.7
527454130,146834.6
527455050,150121.7
527455060,149666.4
527455080,151395.9
527455090,120250.4
527455240,120444.2
527455280,158210.2
528102040,337497
528102140,464820.3
528104070,495998.1
528106020,523970.9
528106070,308289.9
528108010,254523.7
528108020,299944.8
528108040,388572.3
528108070,338581.2
528108130,396701.3
528108140,395167.1
528110010,449652.2
528110020,564892.9
528110090,507255.6
528112040,303657.7
528116010,324344
528118060,400226.2
528120020,276596.1
528120030,336312.1
528120160,303875.8
528120170,295972.4
528138010,349318.9
528142040,341571.4
528142090,305291.6
528142130,269026
528142150,256649.4
528144020,216915.4
528166060,425986.1
528166090,485345.9
528168030,292365.3
528172060,246092.9
528174050,200577.1
528174060,209126.6
528174070,211069
528175050,223591.8
528175060,216150.2
528176030,520513.9
528178010,410134
528180120,335221.1
528180130,242878.4
528186010,301338.8
528186180,212496.5
528188020,176895.9
528188060,176745.5
528218090,176204.2
528220040,179737.2
528221060,180424.4
528221070,184533.9
528228290,215594.1
528228295,238533.3
528228435,199991.8
528228450,202787.6
528228455,174993.8
528228460,167647.7
528235010,190286
528235090,218692.4
528235200,172288.7
528240030,188959
528240060,187087.2
528240150,195893.3
528250020,194092
528250040,180065.4
528253010,214915.6
528275070,232538.6
528275160,270395.5
528280230,232463.2
528290030,166810.6
528290120,190625.3
528290180,184647.8
528290190,162172.4
528292030,281950.3
528292040,187418.4
528292070,225294.5
528294050,166139
528315090,328955.3
528321010,367843.7
528327070,344522
528344040,347071.8
528344100,323920.8
528354050,301877.3
528363050,329890.9
528365070,307675.7
528385050,241430.2
528387030,262972.3
528390100,394814.9
528390210,238998.9
528427020,242846.2
528431020,254304.1
528431070,256898
528435030,275156.1
528435050,295778.3
528439060,243200.8
528441020,251908
528441090,490236.9
528456180,243087.9
528456220,207598
528456240,202722.2
528458020,222964.9
528458040,224808
528458060,201875.9
528458140,250280.8
528458160,349539.8
528458180,221696.1
528477050,320497.7
528477070,278525.5
528480040,263916
528480130,210595
528480170,269458.7
528482040,295458
528482130,237495.5
528488100,187175
528490040,229389.1
528490070,207480.2
531363010,172734
531363030,166532
531363050,141934
531369010,196583.2
531369020,228765.6
531371050,179261.1
531375040,159986.6
531375090,141865.8
531375130,162706.2
531376090,214155.8
531379050,229542.3
531382070,255194.3
531385020,198612.1
531450120,188230
531452010,126330.8
531452070,162199
531452260,177318.9
531453100,167520.3
531475220,164184.7
531477020,80763.9
531479020,77657.3
532353020,122030.1
532353130,133165.4
532354160,125622.1
532354230,120464
532376070,124300
532376110,130492.1
532377130,132679.5
532378120,87010.8
532378180,117093.7
532478020,286219.2
533135020,226552.6
533206020,276131.7
533210010,160218.8
533210020,164779
533213010,236731.6
533213020,209732.8
533213040,165450
533221040,177202
533223030,175102.7
533236050,188296.6
533252040,300281.1
533253070,196930.5
533254050,195422
533254110,173725.4
533352150,157989.3
534125080,155751.1
534127130,158134.2
534127170,169075.3
534128010,203264.7
534128020,208147.7
534128100,156778.8
534128190,229323.7
534129080,193902.7
534129370,158322.8
534129380,132114.1
534151120,233178.4
534152120,159942
534175080,237017.8
534177230,212279.6
534200030,124330.3
534202170,147569.4
534226120,126175.4
534250400,176180.6
534251030,176193.7
534252240,153378
534275060,129151.4
534275100,123504.1
534276040,120582
534277090,146440.7
534278070,158968.2
534278230,140299.1
534400050,161579.9
534400290,167037
534402060,146144.1
534402140,152940.9
534402170,181548.3
534403370,166776.2
534426110,137278.3
534429150,179756.7
534431130,119262.5
534450150,70406.4
534451110,122792.4
534475185,167448.5
534475250,173232.9
534476150,172319.2
534476320,125287
534477110,144220.1
534478230,151217.2
535101120,126360.2
535104120,168576.3
535105100,162541.4
535125070,229252.2
535125090,200980.7
535126010,194807
535126100,124436.2
535150070,117662.5
535151040,147831.3
535152230,168379.2
535154060,166553.9
535154130,146600.4
535175030,158282.6
535175050,145933.8
535178040,123406.8
535178120,141457.6
535179160,134903.4
535300120,172762.5
535301170,152960.6
535302120,139232.8
535303110,134164.9
535303150,123503.5
535304100,119363.1
535325290,111931.5
535351050,161355.2
535352090,115446
535353040,138238.2
535353060,109580.6
535353140,99763.3
535353240,162704.7
535354070,128153.1
535354100,135306
535375010,105689.3
535375050,130011
535376060,144468.6
535377150,108199.2
535378020,106397.4
535378120,113020.7
535381040,160887.6
535382100,158019.6
535383060,63067.5
535383070,118796.6
535383110,95355.9
535383120,82934
535402010,185772.6
535402090,150300.7
535402270,143466
535402330,184282.1
535403190,147434.9
535403210,133456.9
535403280,149369.7
535425070,186734.6
535426150,122608.6
535450070,141964.8
535450160,98759.6
535450200,112006.7
535451170,91344.5
535451250,143561.2
535452090,122659.2
535452100,122642.8
535452140,96349.9
535453100,129083.2
535453200,137312.6
535454100,127183.2
535454160,133224.9
535475010,151889.9
535476110,147145.6
535476240,137664.8
535477150,101383.7
902101010,112026.5
902102080,116939.1
902103100,114809.9
902103120,127925.9
902103170,75853.1
902105050,130184.3
902105060,124275.5
902106010,144291.9
902106060,112550.5
902109130,93933.3
902109140,128887
902110080,131038.1
902134120,101427.9
902135020,88833.7
902201110,126459.8
902202150,106763.8
902204080,74278.4
902205010,46892
902205030,42073
902206260,91968.6
902207170,80633.6
902300090,105951.8
902301060,95951.2
902301080,113765
902325070,112543.7
902326030,251338.5
902327070,144854.6
902329080,125175.3
902330040,177411.7
902331010,62878.7
902401130,141542.4
902402150,92240.5
902405100,139126.9
902405120,111553.5
902406070,155705.5
902477120,38899.4
902477130,38844.8
903200080,217929.2
903201020,138847.1
903201080,151159.7
903202170,136351.8
903205040,109104
903226130,111340.1
903226170,127533.5
903227070,121209.2
903227090,124988.5
903228070,107023.6
903228120,112169.2
903230100,116149.2
903231010,129221.8
903231030,131421.7
903231060,57701.8
903231130,111552.9
903232060,102724.3
903234220,136671.4
903236040,119501.1
903400220,189338.5
903425245,162281.3
903427120,146558.2
903429080,159367.9
903429110,153263
903430060,106463.2
903430070,69719.5
903451090,147494.8
903458170,108653.4
903475100,126522.4
903476090,113206.7
903481120,124742.1
903481130,64002.1
903484110,121162
904100190,88212.5
904301060,171505.2
904301070,170871
904301100,147835.1
904301375,67200.5
904351200,106824.2
904351240,91504.8
905101260,161553.5
905101490,135402.8
905103040,167428.3
905103070,122831.4
905105190,132950.1
905107310,144592.2
905108190,136522.3
905108220,140180.2
905200220,130845.9
905200260,149738
905200350,151670.3
905225090,165076
905228050,63106.6
905229040,146196.1
905325020,248495.4
905377010,132166.1
905377130,104458.3
905401100,198773.8
905402060,135336.9
905402070,107729.7
905450020,148400.4
905451300,114541.1
905451340,106736.8
905452040,156514.1
905452050,84800.7
905475160,129048.7
905475500,86679
905476230,138322.5
905478030,145462.6
905480030,110249.7
905480210,106879.2
906201021,166237.9
906201050,160301.8
906201130,310039.2
906203120,289275.9
906223060,203319.9
906223080,225119.7
906223210,238931.5
906226060,143063.8
906226070,120110
906226080,142493.4
906226090,141215.8
906226100,121982.8
906226110,121944.6
906226120,139392.4
906226130,142777.2
906226140,121508.7
906230010,283008.2
906230020,270301.4
906230030,270450.4
906340100,350001.8
906340110,314273.3
906340120,294946.8
906340130,334503.2
906378110,233664.1
906380050,206893.4
906380060,301835.8
906380100,250243.8
906380130,228370.6
906380210,208641.6
906380220,222543.7
906392070,192774.1
906392110,249890.9
906392130,182442.3
906402060,249982.6
906426210,235539.2
906475070,180665.3
907126010,156870.2
907126050,153210.4
907130100,207012.2
907131090,209992.8
907131190,193948.6
907135040,153648.8
907135170,149930.3
907175100,191539.9
907180130,218001.7
907181100,202710.3
907185050,198713.5
907192030,185319.9
907192090,214874
907194010,211578
907194110,190664
907194160,205291.1
907196060,206171.3
907200230,118699.5
907201220,133712.4
907201280,138263.3
907202050,142433.6
907202080,136408.7
907202130,149433.7
907227030,134452.8
907227080,125138.1
907227110,127635.5
907227290,132654.4
907250070,239651
907252060,237953.5
907252210,246473.2
907252220,254059.8
907253130,325719.3
907260030,188301.9
907265010,200585.9
907275010,237266.4
907275090,225960.1
907275140,287680.8
907280170,210740.1
907285020,219386.4
907285050,195455.2
907290070,174219
907290090,205431.9
907290180,141411.8
907290210,141402.5
907410130,268295.1
907412020,190666.9
907414020,195420.1
907414080,177061
907420040,175117.4
908102050,102264.6
908102270,160294.2
908102290,107023.7
908128060,191377.2
908151050,154095.8
908152035,115344.3
908152100,127411.4
908154040,303306
908186080,141536.4
908201040,101804.7
908203090,94925.2
908225290,118569.5
908225370,92202.6
908229020,86977.1
908250030,79675.3
908275040,122217.7
908275110,124211
908276150,91177.3
909101010,125107.2
909101100,129619.3
909101140,131305.5
909129090,139766.1
909129100,137924.8
909175080,58990.4
909178160,145931.8
909179020,237230.6
909250080,111336.2
909250220,152597.2
909251050,147571.4
909251170,152725.4
909252020,146950.9
909253010,158475.7
909253180,143708.7
909254010,128896
909257050,239573.8
909275080,169221.1
909276110,171961
909276200,153418.3
909277090,157052.4
909277100,143055.6
909278020,138805.6
909279010,217188.7
909282130,141558.8
909425060,177474.7
909425130,186944.3
909426090,159203.2
909427200,152007.1
909428240,217433.6
909451040,114763.4
909451100,138779.9
909451140,120465
909451180,128944.6
909452050,218874.8
909475040,308184.7
909475300,240411.2
910202070,135734.3
910204050,137996.8
910205020,82987.2
911103050,82975.6
911104060,66437.1
911370500,287947.6
912251110,49922
914465020,259670
914465040,263532.2
914465055,229477.3
914474070,224528.4
914475010,144214.1
914475030,176162.4
914476020,126622.8
914476380,176876.7
914476430,152960.3
916176030,146826.1
916176125,314014.4
916380070,326988.9
916382010,208280.3
916382100,415701.3
916382110,311695.5
916386140,212514.7
916403010,180593.7
916403200,215770.4
916403250,213933.1
916455070,200280.6
916460110,187108.4
916475040,341263.7
921128050,391943.8
923201100,135731.5
923202060,129464.4
923203110,161239.5
923203190,163430.1
923225360,91036.2
923225490,123037.1
923226270,88507
923227080,156718.4
923228110,81213.4
923228150,100099
923228230,93297.3
923230200,123130.8
923252075,134142.7
923275040,162619.8
923275140,118824.6
923276260,150357.3
923400025,157587.8
923400110,137831.6
924100040,204738.8
924100060,178265.6
526351030,171238.7
526353050,221026.9
526354070,193949.9
527105050,187957.6
527106050,168796.1
527106140,192396.1
527106150,206562.3
527107010,181783.4
527107090,188056.3
527107210,199717
527127140,286308.2
527131110,251156.7
527140090,199074.6
527145090,172441.1
527161010,181173.8
527162180,179430.8
527163100,189583
527164120,205531.7
527165010,188032
527183030,199403.4
527183060,202292.9
527208010,356768.2
527212050,307749.4
527214030,383657.6
527226020,128185
527252080,321170.9
527276040,144684.1
527301170,218036.9
527301245,254816.9
527302050,180552.3
527302070,181116.3
527302185,252078.8
527302210,217547.1
527325070,266662
527325240,165774.2
527326130,162648
527354160,184120.8
527357110,141023.5
527357180,271730.1
527358120,162909.5
527359030,153689.4
527359070,189490.6
527378020,162078.5
527380240,321452.5
527401130,143484.8
527402060,144763.9
527402130,114772.4
527403360,123271
527425035,117350.6
527427110,179033.9
527450110,98345.4
527450250,100630.3
527450520,102572.8
527451060,99651.2
527451290,93645.6
527451400,102592.5
527451550,109135.1
527452150,136224.9
527453160,143886
527454120,136104.1
527455270,117921.2
528102030,388683.5
528102110,418878.2
528104050,405882.6
528104080,429622.5
528108150,279063.9
528110080,352343.8
528110110,471669.8
528114040,403638.8
528118030,414020.2
528118090,436966.5
528120130,379131.1
528142020,259105.8
528142140,329688.7
528164060,568401.1
528166120,420269.4
528170070,268825.5
528172080,275977.4
528178070,374795.9
528178090,379111.9
528180110,343627.8
528180140,370825.3
528181010,199369.5
528186030,297821.3
528186080,271878.9
528186130,379283
528186160,218531.3
528186170,206819.4
528188090,168052.7
528188150,180270.3
528190010,205400.4
528228345,246620.4
528228405,244220.4
528228445,198797.8
528228465,175801.7
528228540,182203.9
528235020,183441.3
528235120,187404.1
528235180,183178.9
528240040,163931.8
528240050,191868.4
528250030,217884.7
528253020,228490.9
528280130,200176.2
528280180,221477.2
528290010,202677
528290090,171114.3
528292060,233133.9
528294060,177986
528315060,263368.4
528315110,332484.6
528326030,283937.1
528326110,320350.4
528346050,337809.4
528354100,266376.1
528363020,318698.5
528363110,361485.9
528365060,335218.2
528365080,282162.8
528387050,276525.4
528390020,317689.9
528427010,241242.6
528427070,245080
528429050,247482
528429070,284987.3
528429080,254653.6
528431060,247715.3
528431080,226077.1
528431120,272514.1
528435020,284851.9
528439010,240776.1
528458030,215286.1
528458050,215909.3
528462040,205690.5
528477040,211055.9
528478030,257143.6
528478040,253831.2
528480060,326629.2
528480160,202108.8
528482020,256047.8
528488140,212114.8
528490080,204338.5
531363060,143208.9
531371070,194884.7
531373060,187210
531375050,152074.5
531375110,161885.1
531375120,163019.8
531376010,178975.3
531376070,172791.4
531382090,186612.5
531382110,186547
531382120,213748.9
531384030,191995.8
531385060,193741.7
531450030,187918.5
531450090,176109.2
531450170,189129.7
531451020,214778.8
531452140,164635.8
532351050,127104
532353050,127626.4
532354150,131104.3
532376170,112415.2
532377020,114767.6
532378200,129025.5
532477030,184257.6
532479020,146524.9
533125080,276303.2
533125140,340129.8
533206050,189768.6
533208080,159148.9
533208140,180243
533212050,159343.4
533212140,153196.1
533212150,154628.5
533213070,167154.1
533213120,172768.5
533215020,271572.4
533215030,242894.6
533215040,268123.2
533215070,267426
533215080,286128
533217050,158576.5
533217060,168157.6
533234020,222460.1
533236060,189175
533236070,189147.9
533236090,306020
533250050,242642.3
533250110,217480.1
533250160,299350.4
533251120,164196.4
533350090,187357
533350120,264355.5
534104100,208013.7
534126090,169644.3
534127210,173042.5
534127230,160581.7
534128050,162661.2
534129060,202177.2
534175140,142478.9
534177180,243824.8
534201240,146448.8
534202130,143200.9
534204030,144800.6
534225110,135937.4
534225120,137959.3
534250010,137638
534250335,168120.2
534250370,278767.8
534250410,194409.9
534251280,169809.5
534252090,165224.5
534252270,180001.5
534276190,103754
534277060,114631.1
534277070,121876.4
534400030,151903.4
534400060,166496.2
534401130,156943.8
534401190,147960.6
534403050,141621.9
534403080,176585.6
534403100,165878.3
534403260,129849.1
534426040,149410.3
534427040,146262.9
534428020,139612
534428100,150016.3
534451080,71029.6
534451170,60377.6
534452060,125052.1
534453140,86918.9
534455030,161738.2
534477080,120375.3
534477090,145280.4
534477270,168255.3
534479150,120009
535103050,204324.1
535104020,160635.7
535105030,138845.1
535105060,169566.2
535105090,155610.7
535126140,231528
535150210,136452.8
535150280,132427
535151160,139416.4
535152200,144724.5
535153140,174495.4
535153150,159126.3
535176100,174362
535178060,140375.8
535179060,164010.3
535180100,139777.6
535180120,132687.1
535301080,117985.6
535302130,136033.4
535302140,118039.8
535303030,174147.8
535305030,127061.8
535305160,107788.3
535327230,112390.5
535352080,111860.7
535354200,141307.8
535375140,85723.5
535375160,106467.7
535380050,147730.2
535380110,86694.2
535380140,128595.9
535383100,103111.4
535402120,167405.4
535403010,139963.5
535425060,173242.5
535426260,152645.7
535426350,148324.1
535427070,240149.1
535451010,116724.9
535451050,103890.2
535451230,100617.2
535452120,134750.9
535453020,150857.8
535453040,127961.6
535453210,147120.2
535454150,137995
535455060,117666.3
535455080,110958.5
535455090,127536.7
535456050,122935
535456070,150826.3
535456100,112176
535475020,170649
535476370,172212.6
535477090,124869.3
902100020,135991.8
902100030,78799.3
902102060,153237.2
902103150,127589.7
902105010,106580.1
902105020,232225.7
902105130,72553.3
902107030,128972.4
902109080,118045.5
902109110,199928.7
902109120,126764.3
902109160,120555
902128075,108508
902128150,151751.9
902134100,78932.3
902136110,92096
902201120,105004.7
902201140,146987.1
902202090,132717.1
902205070,41462.1
902205090,113565.9
902205140,108602.3
902207120,94158.3
902207220,314176.2
902300110,126205.6
902300215,143182.8
902300260,119370.1
902301140,77938.3
902301150,112755.8
902304060,144884.9
902305080,147521.3
902306120,129929.3
902306130,144402.3
902326060,162277.9
902328040,130431.1
902330010,125395.4
902401010,112050.3
902401120,247427.7
902402260,58387.3
902405070,191316.6
902406020,110005.7
902406090,130735.7
902427045,94448.7
902427150,112948.7
903201030,141847.6
903204010,128754.7
903204095,105371.4
903206070,144474
903225050,102150.6
903225140,127513
903225160,114113.3
903226060,160002.6
903226150,119687.9
903227080,120853.4
903228040,151212.3
903228060,123584
903228090,103546.8
903230110,118303.8
903230120,82400.4
903231080,107779
903232030,83538.8
903232090,145406.2
903233080,151374.5
903234090,132311.8
903234100,124856.9
903235010,123223.8
903235100,68278.6
903236010,126396.1
903400180,189942.2
903401020,166620.4
903401030,166982.8
903401050,140525.3
903425420,125283.3
903426160,153003.1
903427090,159743.1
903429010,114809.2
903452025,91891.8
903453050,129603.1
903454100,149048.5
903455030,121052.5
903455140,125836.5
903456130,126287.9
903458110,100758.6
903475020,121772.6
903476110,97047
903481010,83402
903481100,90093.3
903484020,135210.3
904100020,118726.2
904100040,132839.8
904100160,135522.5
904101170,120661.8
904351280,131301.9
905100020,138585
905102170,126291.3
905103030,150945.5
905104080,111026
905104110,142506.3
905104180,139388
905107280,150734.3
905107380,126845
905108170,146953.4
905200090,122398.8
905200100,105740
905200160,97489
905200510,139092
905201020,137155.1
905201110,153687.6
905201120,153001.2
905202230,185967.7
905225040,137609.4
905226030,99743.1
905226110,143650.7
905227050,141152.8
905300020,141168
905351089,185370.3
905352030,192939.3
905352070,235460.8
905401045,217147.5
905401060,230826.5
905402090,167040
905403060,105741.4
905403150,146325.4
905425125,229680.9
905426030,197165.4
905427050,183222.4
905427070,237748.6
905451330,152532.5
905452070,105087.6
905452120,131936.3
905476120,115064.4
905477050,121363.3
905479110,119019.8
905480150,81226.2
905480240,88040.2
906204150,262282.8
906204280,266280.3
906223110,236497.6
906223140,234696.6
906223220,225537.4
906378190,177287.4
906380030,241956.9
906412010,431155.1
906412050,343592.1
906420130,245570.1
906424010,245213.5
906475100,188658.5
906476030,193874
907126030,156590.4
907135020,151643.4
907135260,149452.5
907175080,215362.5
907176010,194592
907181120,194266.6
907181140,199916.1
907187030,182111.3
907187080,189249.7
907192130,225280.6
907194020,219147.8
907196040,213181.5
907196050,221252.6
907200110,126921.9
907201060,139120.1
907202010,153878
907202160,143809.5
907202190,132789.7
907202240,158691
907203090,116046.3
907227050,126027.3
907227300,125260.1
907250020,239087.2
907251090,246858.3
907253060,243071
907253110,248557.3
907254020,244426.7
907254090,239563.7
907255020,255152.7
907255030,271577
907255060,318099.4
907260010,253676.3
907262030,201771.8
907262060,247198
907262070,185476.8
907265100,208829.7
907285080,215888.9
907290150,140696.4
907290250,140191.2
907295020,220930.2
907295100,236626.9
907405020,211185.3
907405140,197839.1
907412040,189464.2
907412070,201344.6
907412080,189617
907412090,188044.3
907418010,225172.1
907418040,189896.2
907420080,187059.5
907425010,148282.9
907425015,150285.6
907425030,145111
907425035,148383.5
908102030,87733.2
908102040,151190
908102140,124897.4
908102260,150824.2
908103260,140709.4
908103280,140619.8
908127120,114029.1
908128050,131240.7
908128110,177278.1
908151040,148027.8
908152110,153229.4
908152270,155895.1
908154080,277835.7
908154235,173864.8
908186040,142261
908201100,77986.8
908201110,74341.7
908201120,117397.8
908204160,79614.7
908225170,93169.2
908226120,106593.4
908250040,96000.9
908250090,106835.6
908275130,129919.8
908275180,122670.2
908275280,135095.1
908276140,102164.6
909100150,113908.7
909100170,90902.6
909101060,71121
909101180,129064.1
909131170,126236.5
909175050,187279.8
909175100,158025.5
909177120,151472.7
909201110,121839.8
909250040,189418.7
909250230,174280
909251080,140888.5
909251090,203144.5
909252110,167463
909252220,141713.4
909253190,96793
909254050,177116
909256060,124928.9
909275040,148550.2
909275050,151851.9
909276170,188069.8
909277040,192284.4
909277070,117769.2
909281030,116648.2
909281110,224427.1
909282030,385056.7
909425010,269932.5
909425085,252953.5
909428170,209000
909428190,218237.4
909451020,122878
909451150,154792.2
910200080,118476.3
910201130,119744.5
910202050,58599.6
910202100,125144.2
910203020,93131.1
910203090,113475.5
910205010,136928.5
910206110,108086.5
910226040,155815.7
910251050,15826.5
911102090,83088.8
911102170,49436
911102180,77990.1
911226010,90495.1
911226030,63725.1
911370410,324973.4
911370490,296104
911370520,270618.6
911370540,263544.5
914453045,304582.9
914465060,279996.7
914467050,216020.5
914475020,149107.7
914476010,168543.8
914476080,107125.2
914476450,208669.8
916125425,248119.6
916226030,223166
916325080,271076.1
916380060,271322.5
916382120,300207.5
916384100,253875.7
916386040,162534.5
916386080,163063
916386180,214485.4
916402015,173608.2
916402115,195993.7
916402215,193134.4
916403230,191600.9
916455120,232185.6
916460060,221983
916477020,322257.6
921126030,250572.2
921201060,339080.7
923202005,201147.5
923202015,198891.1
923202137,134929.4
923203140,160065.8
923204040,134546.6
923225080,124240.5
923225150,101562.3
923225200,124582.1
923225310,101393.9
923225370,97821.3
923227030,147834.5
923228080,102957.6
923228420,79570
923250210,110071.5
923252100,132270.4
923275090,129680.4
923277030,141080.1
923277040,130313.6
923277080,130109
923400040,156911.8
923426010,137091.6
924100020,170590.9
1007100110,104418.8
526352080,173809.6
526352090,166248.7
526355170,262365.6
526355190,275090
527105140,206231.5
527107040,173139.3
527110080,177037.7
527110120,178087.1
527110130,159172.9
527126030,246458.2
527158090,177419.8
527161090,190065.3
527162080,177687.9
527162090,163437.1
527162140,216623.3
527163080,159422
527165020,172061.4
527165100,165720.5
527165170,174296.8
527175130,152909.4
527182040,151860.2
527182170,210054.1
527184020,182030
527184110,215396.4
527210060,358705.3
527212060,360177.9
527216080,554624.5
527226040,161413.1
527252050,298292
527252070,289280.3
527256030,418587.9
527256040,434923.5
527301080,192877.5
527301280,161049.1
527302020,182607.1
527302060,185048.7
527302090,209060.6
527325090,190774.9
527325110,179701.8
527327050,183635.6
527328020,155334.4
527328050,163758.4
527353080,171936.4
527354050,186180.1
527356050,152276.1
527357020,160793.6
527358060,177116.2
527359010,178214.7
527359080,181410.7
527359160,181867.8
527377110,182431
527402090,129928.6
527402150,131867.7
527402240,159843.8
527403310,151290.1
527404050,126976.1
527404100,124795.2
527404140,115566.5
527404150,116011.9
527425025,124059.3
527425140,118420
527427090,135139.3
527427160,177997.7
527427200,207628.7
527450030,108839.6
527450150,114316.3
527450220,113657.2
527451020,111512
527451170,125664.6
527452100,133653.3
527453010,153543.6
527455030,136931.8
527455250,127611.8
528102050,365981.1
528102090,329562
528102100,271506.1
528102120,290950
528102130,327235.3
528104010,362385.4
528106040,384795.4
528106050,461483.7
528106060,334589.4
528106110,439204.6
528108160,290530.3
528110040,512731.5
528110070,344085
528110100,393033.1
528112150,242790.2
528114050,396658.5
528118040,412013.8
528118050,474489.1
528120010,274429.7
528120150,301154.7
528142050,326507.4
528144050,361850.5
528150040,347206.9
528150110,372049.2
528150120,326270.6
528166150,338472.7
528168040,307940.2
528172030,295995.3
528172050,250759.8
528172070,227670.4
528172075,247537.7
528174010,195490.6
528174020,206580.5
528174030,203433
528174040,206894
528181060,220970.9
528181070,221202.6
528181080,204741.7
528186050,279425.5
528186090,282066.5
528186120,307071.6
528186190,210636.4
528188160,200753.9
528218010,187699.8
528218020,183010.7
528218050,182147.1
528218100,167914
528221030,185283.9
528221040,221257.2
528221050,192070.7
528221090,184559.2
528222030,184566.6
528222040,189125.8
528222050,167509.3
528222060,178687.4
528222080,172880.7
528222090,183810.4
528228270,214507.1
528228275,210627.2
528228375,256062.9
528228555,180730.8
528231010,254172.2
528231030,187389.7
528235000,181732.2
528235160,217980.1
528235170,216014.6
528240020,197239.9
528250010,174070
528250070,210442.3
528275035,176584.4
528275110,229579.9
528280110,178381.3
528280150,167117.4
528290060,158369
528290170,197584.8
528294010,182606.6
528320050,490561.9
528322020,375923.2
528326060,257695.9
528327060,493623.6
528340030,398977.7
528344020,318053.9
528348030,271968.1
528351010,664843.3
528354060,245341
528354110,323811.8
528358040,281967.3
528364110,314559.9
528366050,372974.6
528366070,265259.1
528376010,328243.6
528427040,198489.6
528427100,273090.1
528429090,319853.7
528429110,258630
528431030,225113.9
528431040,428184.7
528431050,264318.5
528431110,323430
528435010,225379.8
528435040,337631.9
528435060,255300.2
528435070,252803
528439040,228740.3
528439050,219168.1
528439080,240662
528441080,290081.2
528445020,237925.5
528445070,243796.2
528456190,207912.2
528456230,197410.5
528458080,228466.5
528458090,206195.1
528458120,262610.7
528458130,305074.8
528458150,310517.7
528477020,241284.7
528480020,217342.2
528480180,255043.4
528482010,260332.3
528482030,284515.3
528482090,299196.6
531363020,141207.9
531363040,145127.4
531375140,163138.5
531376060,189732.9
531380110,194435.8
531384070,199641.2
531385070,165072.2
531385130,245847.3
531451030,202074.3
531451150,131316.5
531453140,140581.3
531477040,142518.7
532353120,120623.1
532354010,133231.8
532354060,123514.3
532354070,132890.1
532376040,126339.1
532376090,136285.8
532377050,137129.8
532377140,125639.7
532378240,124729.3
532476080,278329.3
532477040,283524.7
532479050,139619.7
532479120,179207.8
532479140,151230.2
533120030,318456.7
533130170,326567.2
533205110,221373.5
533206060,186803.2
533206070,225168
533208010,206181.3
533208020,225940
533208030,210996.7
533208040,199570.8
533208070,160114.7
533213130,176879
533213140,173689.8
533221030,185639.2
533221060,180690.5
533221100,184143.6
533223050,156039.5
533236040,168219.2
533241030,236940.3
533242080,183373.1
533242090,275586
533244040,328322.5
533250190,253829.2
533251110,280067.7
533251130,198579.9
533252130,206990.7
533253180,205468
533254100,185159.3
533254130,169635.4
533350020,375390.8
533352075,184136.6
534104090,234542.9
534125120,138440.2
534127080,209121.6
534127140,148405.5
534127260,158149.7
534128090,189275.5
534151090,204675
534151180,254114.1
534175010,144261
534176140,162161.9
534177210,160007.2
534178010,134422.7
534201040,138087.2
534202030,145895.4
534204120,147828.2
534252040,141797.6
534252060,135319.4
534252070,105469.1
534252110,130316.5
534275170,138634.2
534275220,126480.8
534276070,134326.1
534276160,128918.3
534276180,124461.3
534276290,106820
534278150,149869.8
534278170,139756.7
534278190,117921.4
534401120,156789.6
534401200,149261.8
534403040,160080.5
534403290,206214.9
534403420,150251.6
534425015,216995.1
534425080,188776
534427140,147039.9
534429030,104109.3
534430090,121417.3
534431020,138673.6
534450090,47009
534450110,64721.4
534451020,62989.8
534453080,113405.6
534475170,178560.7
534476080,133239.3
534478140,134918.6
534479120,124036.8
534479140,158388.6
535101150,137693.3
535102010,155856.5
535105110,157832.8
535106140,122707.7
535106180,142296.2
535126180,148443.5
535151020,139036.7
535151100,128888.5
535151110,139135.4
535152060,132780
535154080,148460
535155110,140090.5
535176070,151506.9
535177020,128897.6
535177110,176180.9
535179120,124677.2
535180030,131055.4
535181030,172646.1
535181140,149529.3
535300040,130115.9
535301060,142442.1
535301160,129698.9
535302070,121213.2
535304170,132869
535305180,137288.5
535325090,127290
535325280,129064.7
535325320,126559.7
535327160,128521.3
535327200,135978.4
535353050,146942.8
535353130,114156.2
535353160,131005
535354050,135013.5
535354260,162088
535355020,275977.7
535375130,111947.6
535376010,98366.2
535378080,127774.7
535379060,80063.4
535379110,139982.2
535382150,59734.4
535402140,168225.7
535402180,121536.8
535403030,130983.2
535426130,184425.9
535450190,128880.3
535450220,123024.9
535450310,156376.1
535451040,121826.1
535451100,121912.2
535451110,132260.8
535452060,135586.3
535453080,141786.8
535453150,135363.3
535453180,140210.8
535457020,154054.6
535457040,125430.8
535457050,107187.5
535476360,196777.3
535477130,158028.3
535477180,115433.9
535478040,132204.6
902100010,112045
902105110,107709.8
902106070,124116.7
902106120,86149.5
902107050,135883.3
902110010,100879.1
902125120,98372.3
902128160,117841.9
902201090,131404.7
902201130,129622
902202070,99944.4
902205020,70249.3
902205130,100481.5
902206270,116703.4
902207010,102065.1
902207150,100526.3
902300020,169276.5
902300040,134579.3
902301030,128101.9
902301130,104165.5
902302150,128338
902303100,142621.5
902304040,130748.1
902305010,133138.9
902330090,190374.9
902332030,183772.9
902401030,145159
902404010,137550.1
902408080,175416.1
902427040,106158.5
902427140,98652.9
902427180,120976.3
903201090,119194.3
903204030,127881.4
903205085,134042
903206170,168349.8
903225040,132572.7
903227140,127107.5
903228080,134640.7
903231050,109116.2
903231090,132476.3
903231180,119884.5
903232100,135725.3
903233030,130473.1
903233050,124256.1
903233140,119194.5
903233180,130660.1
903234160,101614.3
903236130,173429.9
903400040,171974.2
903401070,143228.9
903425270,108765.4
903425280,141508.6
903426010,135092.4
903427040,150101
903430040,99067.8
903430050,100675.3
903450060,167918.9
903451110,128272.9
903453080,190559.7
903454010,125381.5
903454090,133382.1
903456110,201519.1
903457040,170895.8
903457130,107578.5
903458020,103240.8
903458060,122919.4
903475040,129463.3
903475060,129886.6
903476100,86646.8
903484080,55997.6
904100100,214264.2
904101070,223255.1
904301110,118971.5
904302010,118217.2
905100060,127482.4
905100080,151420.3
905101070,117081.3
905101200,114764.8
905102010,155743.8
905103110,130263.3
905104030,126131
905104090,116963.2
905104170,117891.7
905104240,130856.2
905105040,118882.5
905105170,128078.2
905105260,131305.6
905106150,132750.7
905107140,141422
905200010,128817.7
905201080,150808.1
905225020,208546.5
905226050,163444.9
905226080,158838.9
905226130,149705.3
905226170,150858.3
905228020,92750.4
905301050,297921
905352010,180054.9
905352180,226801
905376090,179838.1
905377020,137474.5
905377050,91252.6
905401020,256219.2
905426010,237718.7
905451390,152274.8
905475270,115527.7
905475520,88138.5
905476160,143912.8
905476170,89659.1
905476225,134470.8
905478140,132717.4
905478220,141986.8
905480090,93047.1
905480180,126050.3
906200230,198242.4
906201022,191740.4
906201023,244703
906201200,297332.1
906203140,278374.4
906204140,228295.9
906223040,228586.8
906340080,367744.5
906340090,399830.2
906378120,249938.5
906378150,312753.5
906378170,236319.7
906380010,196035.4
906380040,250275.6
906380070,353541.4
906380120,198315.9
906380140,184921.5
906380160,192258.4
906380200,190652.5
906382020,218252.8
906382060,214946.4
906392080,175266.2
906394020,202922.4
906394050,190899.8
906402070,259322.8
906403060,220475.1
906426060,302148.9
906426195,282669.4
906475110,197829.9
906475170,259332.7
907125040,150631
907125120,141698.6
907130060,179960
907131060,173758.9
907131120,200303.9
907135050,149293.8
907135080,161824.5
907135180,127087.3
907180040,203186.6
907187040,225642.4
907187060,212165.6
907192020,188958.8
907192040,219669.6
907192120,211874
907192150,187232.3
907200130,130409.1
907200190,137494.7
907200250,149734.8
907200270,134323.5
907202100,131428
907202220,130677.9
907203060,122443.3
907203110,132390.9
907227060,130542.3
907227100,114372.2
907250050,285342.2
907252020,253051.7
907252190,248962
907260040,194053.8
907260050,224315.2
907262020,192363.8
907270040,265520.6
907275080,234294.5
907275150,288412.9
907280090,247541.2
907280100,260353.7
907285040,255310.9
907290140,139731
907295040,236058.2
907401060,206492.2
907405130,189258.9
907410020,178003.5
907410050,203048.5
907414060,184327.2
907414070,181622.2
907420050,185911.5
907420060,178369.6
907420110,170597.1
908102100,139092.4
908102160,131148.2
908103090,118430
908127040,112969
908127060,130674.5
908127070,119184
908127100,128694.8
908152060,132372
908152070,145000.1
908152180,139585.2
908152260,152448.2
908152280,159986.3
908152290,161374.5
908154195,265974.2
908154205,212904
908186050,144058.3
908204090,122445.5
908204180,74400.9
908225240,111846.8
908225310,94783.9
908226180,94858.9
908228010,108362.2
908250100,106018.5
908275090,113559.1
908275200,110121.9
908275240,100485
908276230,114131
909176080,210354.2
909176170,145925.2
909250150,168860.8
909250160,94012.2
909251030,135472.3
909251040,145563.2
909252010,171773.7
909252150,134869.4
909252170,133043.5
909254090,156387.4
909254100,138813.8
909254130,161250
909254140,91384.4
909254150,134769.6
909256120,123146.4
909275020,153827.4
909275030,154349.9
909275110,181958.2
909275160,133298.8
909275310,234956.8
909276160,342050.9
909276210,177938.3
909279080,203694.1
909281020,133564.9
909281130,292228.1
909282020,221494.5
909425140,255285.6
909425270,208048.3
909428120,226987.3
909428180,204210
909428340,207984.8
909451130,124033.5
909452102,183610.5
909455060,170111
909475050,201059.7
909475070,221436.4
909475230,260520.8
910200040,121257.7
910200110,137440.2
910201020,87602.8
910201050,129230.6
910201110,98711.5
910201180,158403.4
910202030,77797.4
910203290,113682.5
910204090,68106.3
910205130,148386.5
910206010,72799.8
911103060,119792.9
911128010,118155.3
911128020,115521.8
911370450,284246.8
911370460,265889
914452090,173096
914452120,150588.9
914452190,144578.9
914460020,215255.3
914460110,225458.3
914476330,201110.9
914478020,134115.4
914478100,153040
916226090,242468.8
916253320,260956.2
916326040,178945.6
916326090,224535.9
916384050,214919.5
916384070,267171.1
916384080,243148.2
916384150,251061.6
916386170,245332.8
916403040,171628.3
916403290,200038.2
916455010,199029.1
916455050,191364.2
916455110,195134.5
916455150,288765.2
916460020,188175.5
916475020,259989.9
916477060,272665.9
917425190,192071.4
921126010,305101.5
921128030,319957.8
921205070,281539.8
923202134,145819.1
923202220,128627
923203010,145626.9
923204050,135623.8
923204140,143694.3
923205025,162761.2
923225040,131973.4
923225050,135589.7
923226300,89221.7
923228200,94219.1
923228220,90061.2
923228250,81333.4
923228290,77026.9
923228390,82918.9
923229010,146703.5
923229040,149944.2
923229100,187489.8
923229140,198878.6
923230010,154161.3
923230120,120777.6
923230180,131198.8
923251160,117832.5
923252080,125426.9
923275010,142340.6
923275200,130098.5
923276180,136791.7
923400150,106121
923425030,128873.3
526302030,155720.1
526302040,141781.9
526302120,183556.3
526303060,197327.4
526354020,178225.2
527105060,186790.3
527106010,221834.2
527107020,182127.3
527107030,185483.8
527107120,192496.1
527107240,189126.5
527108010,299185.8
527108020,255881.8
527108030,237646.4
527108040,242265.8
527108060,321985.4
527108090,264143.6
527146135,281296.3
527158020,175684.1
527163020,181702.2
527166030,180008.7
527182020,148724.5
527190050,222739.2
527190220,253381.6
527210030,456560.3
527210040,549098.4
527210050,343526.6
527212030,491655.5
527212040,379258.4
527214060,487762.9
527216010,421747
527216050,396118.7
527226010,164421.1
527250040,134652
527252090,296727.9
527254070,319966.3
527256120,459697.3
527301010,207145.5
527302080,254811.3
527325160,236605.9
527327080,174667.4
527328010,162122.3
527354040,227684.5
527355060,177900
527355280,203306.8
527356020,265559.6
527356060,166162.3
527358090,171614.7
527365010,270791.1
527375160,192470.3
527376090,147552.4
527376110,166072.5
527377030,171063.4
527378010,153260
527402210,141396.1
527402380,109577.8
527403120,100820.6
527404180,108909.7
527427210,212440
527450010,105349.6
527450080,127741
527450210,100651.2
527450460,111841.1
527451200,84404.6
527451380,120167.8
527451450,100272
527451460,107312
527451520,100254.6
527452070,140513.9
527452290,148664
527452310,130379.9
527453070,134266.8
527455100,142739.1
528102010,344460.9
528102080,419667.9
528106010,315339.6
528106120,248067.5
528110050,408049.1
528112010,267867.6
528114010,407947.5
528116030,343711.4
528118010,337102
528118020,310985
528118110,300370.2
528120110,267822.9
528120140,335245.7
528138030,363273
528142010,298603.7
528142060,295564.5
528142070,377639.7
528142110,372353.4
528144030,285117.7
528150080,355553.2
528150090,371152.2
528164040,375053.4
528170040,472259
528172020,251382.6
528172150,282179.8
528174080,209423.4
528180080,267802.7
528181030,193479
528181040,192229.4
528186100,346572.1
528186110,278176.9
528188040,177752.1
528218030,191649.7
528218060,176753.3
528218080,178125.4
528218130,213769.9
528218140,235739.4
528221010,184232.5
528221100,177977
528222010,272494.4
528222020,179607.6
528228280,198756.7
528228325,196418.6
528228340,191941.8
528228360,211664
528228415,177001.9
528228430,212384.9
528228545,172592.3
528228550,169451.5
528228565,206157.5
528228575,301662.9
528228580,251459.4
528231050,205572.3
528235050,193620.3
528235130,186701.6
528235190,192941.8
528240080,236827.4
528250060,182080.4
528275060,178257.7
528275080,205492.3
528280100,210441.1
528290140,195045.3
528292080,259397.7
528294070,231414.1
528315030,330081.6
528315070,268623.5
528315080,288263
528320060,604384.5
528327010,398818.3
528344060,253370.7
528348010,250081.6
528358030,333433.1
528360050,583961.2
528363070,325616.2
528365090,303462.3
528366040,331842.2
528429060,244715.9
528429100,329911.3
528429120,432371.8
528429130,295433.5
528439030,227104.6
528445010,211865.1
528456200,202372.2
528477010,419078
528477030,225572.3
528480070,269353.1
528480100,191181.8
528480110,196834
528480150,198182.1
528488110,198679.4
528488120,189322.5
528488130,202020.7
531363080,142530.5
531367010,185230
531375060,143530.4
531375070,150117
531375100,167973.2
531376030,181539.1
531376050,178154.8
531379030,184662.9
531450040,181274
531451290,195332.6
531452080,181837.1
531452100,166666.9
531452210,157088.3
531478010,109488.3
531479030,120564
532351060,126047.9
532351090,130490.1
532351150,124951.9
532353030,141230.9
532353180,156997.5
532376080,119756.8
532376180,121130.4
532376250,128431.4
532378050,126906.3
532378070,130625.1
532378130,103133.9
532378160,135571.8
532378220,125742.8
532476050,265657.9
533110130,278409.7
533125120,369151
533127080,307949
533128030,261409.5
533128090,267794.3
533206040,172988.9
533208050,204163.4
533212100,144866.8
533212110,149397.1
533212120,149397.1
533212130,144470.5
533221080,176317.9
533223010,176155.2
533223080,168299.1
533223110,147130.1
533241010,195497.3
533242030,221837.8
533250130,253505.8
533252020,171313.2
533253030,195276.7
533253050,167821.9
533253090,194081
533253160,189712.9
533350050,348915
534125210,155504.7
534126060,183105
534127190,251823.7
534127270,162842.7
534128210,233971.4
534129230,158643.7
534175100,159564.1
534176250,139400.7
534201130,133647
534201230,141186.1
534201250,162228.8
534201260,150916.6
534201280,137309.8
534201300,135470.1
534202020,134054.4
534202180,150274.3
534226060,154586.5
534250300,191374.8
534275010,131148.2
534276010,125864.6
534276230,162970.7
534400120,180157.9
534403280,157588.1
534403400,171327.9
534403440,157529.7
534427090,128578.7
534428060,142000.3
534429130,149972.9
534430050,124340.8
534430110,133487.3
534431030,125980.5
534451050,113517.3
534451120,88725.4
534451130,80927.5
534453150,122759.6
534455080,163491.9
534475160,140495.9
534476100,133271.3
534477030,143067.6
534479130,159669.6
534479240,142251.2
534479300,126145.1
535101110,131570.9
535103070,166638.9
535105160,119940.6
535125060,214565.2
535150240,120586.6
535150300,248414.8
535151080,134304.7
535151130,145710.3
535152070,146318.4
535152280,139197.6
535176050,142983.7
535177100,152009
535178100,146587.7
535179050,145052.7
535180020,149565.7
535180070,141333.8
535301010,148437.4
535301150,140296.2
535303050,144458.8
535304020,137272.2
535305120,151959.9
535325130,126614.3
535325340,128366.7
535325350,132147.7
535325450,135786.8
535325460,168799.9
535327210,145728.6
535353180,199288.9
535354130,127934
535355100,110426.4
535375040,95699.3
535376090,121326.5
535376100,107715.7
535377070,73529.4
535377100,81666.6
535379100,133161.2
535380010,152601.3
535380130,91397.2
535381060,113145.3
535382020,149914.4
535382130,156664.6
535401140,143084.8
535402070,148214.2
535402100,151787.8
535402220,176825.2
535402230,144361.6
535403040,118531.1
535403150,147322.5
535403200,124946.3
535404080,125956.7
535425040,181005.8
535425050,139857.1
535425080,280391.6
535426195,204616.2
535450100,135541.1
535450180,103306.2
535451190,113281.1
535451210,100736.4
535453160,125478.7
535454030,88074.8
535454050,97705.5
535454060,97675.1
535456010,122852.6
535456020,143807.1
535457070,138366.6
535477060,142482.1
535478010,133777
535478070,132536.2
535478090,120080.6
535478110,116198
902100110,171548.1
902100130,103528.5
902101050,137747.8
902103090,116324.3
902104020,139343.2
902106040,177617.4
902106090,135229.1
902108060,87538.4
902109010,96337.7
902110120,120258
902110130,101656.5
902111010,90636
902125020,115200.2
902128020,92770
902128100,104514
902134060,103715.7
902204060,126053.9
902204120,135911.7
902206020,64815.9
902206090,125015.1
902207080,133280.7
902207110,70166.2
902301120,122033.7
902305090,90266.1
902325050,157527.3
902325100,166363.7
902325160,95431.9
902328100,145553.8
902329070,111624.8
902329090,134606.5
902400090,114016.3
902400110,420007
902401090,90455
902406030,116679
902456015,67498.4
903200050,95906.9
903202120,138115.3
903206160,184501.5
903225090,156629.7
903229040,121893.2
903231070,124424
903231190,118244.9
903231220,105195.5
903231240,92201.3
903232170,70389.3
903233100,135642.3
903233220,120946.7
903234030,133437.2
903235020,80692.9
903236200,113689
903400030,99787
903425190,203717.1
903425340,119906
903430090,134455.6
903430130,55038.3
903451050,104301.2
903452090,123597.5
903454020,61259.9
903454080,124830.8
903455090,129677.8
903456060,99038.9
903456090,78305.3
903458010,98082.4
904100030,137090.7
904100090,150254.1
904100170,134446.7
904101040,132979.1
904301410,110749.7
904302020,89547
904302030,155092.3
905100030,137670.5
905101330,101771.9
905101450,138963.8
905103130,148665.7
905103140,158334
905103180,138328.8
905105010,136101.5
905106210,142020.8
905107070,156203.3
905107220,164143
905107240,165947.1
905107300,154971.2
905108090,163238.5
905108120,154106.8
905200280,181230.5
905200290,170686.6
905200340,178449.5
905200380,96349
905200490,116159.5
905201090,159538
905202190,223317.5
905202210,156237
905225080,217976.8
905300010,131253.3
905300080,142694.8
905351045,152539
905351150,200396
905402110,140861.5
905403050,122792.6
905426100,187789.7
905426150,235307.1
905427010,205816.3
905427030,398966.7
905427140,182372.5
905451050,139212.3
905451410,126910.1
905452140,153245.2
905452150,139368.4
905475150,128458.7
905477010,91886
905480160,109660.9
906202040,189341.2
906204180,253928
906223180,220809.7
906225180,215721
906380110,230054.7
906380150,176238.7
906380170,189999.7
906380180,191800.4
906382030,228453.4
906382040,205975.9
906382050,252907.4
906392090,264652.2
906392100,230851.3
906392120,290095.3
906394010,209456.4
906394040,223751.8
906394060,191503
906420020,216738.6
906426090,179151.2
906475050,178466.9
906475200,252314.1
906476140,149158.5
907125020,151439.3
907125080,154907.1
907130110,187208
907131070,192212.2
907135230,155534.9
907175030,217894.9
907175060,214440.4
907180120,216903
907181090,198235.4
907187010,226686.6
907192010,207239.1
907194130,208127.6
907196020,221168
907200170,131984.1
907201160,145083.1
907201230,167171.5
907202140,136366.2
907203010,126446.7
907203040,137147.3
907227090,118968.8
907230240,145542.9
907251100,241750.7
907252050,203221.1
907254050,201047.8
907255010,208517.6
907255050,275124.4
907262080,194723.8
907265030,233690.4
907270050,269751.6
907275030,236918
907285010,232386.5
907285100,235147.3
907290020,239350.9
907290080,235538.5
907290160,141797.9
907290230,147197.3
907290260,237294.7
907401050,193745.2
907401080,216082.6
907405030,214991.1
907410040,194611.3
907410100,186160.4
907410110,220438.1
907412010,191403.5
907414040,195652.7
907418020,170615.3
907420070,173606.7
907420090,186476
908102020,107064.2
908102320,158052.4
908102330,109169.6
908103310,123242.8
908103320,122189.6
908127050,134561.3
908128100,190121.3
908130020,125646.8
908178050,243908.3
908186060,141557.9
908186070,145193
908186090,142363
908188110,137129.9
908188120,137129.9
908188130,136942.4
908188140,137166.8
908188150,140468.1
908225180,91281.3
908227010,103593.4
908227030,105467.9
908227040,94576.1
908228040,127922.3
908275220,115470.3
908275290,124078
909101050,115589.3
909101080,84544.9
909101190,115284.5
909101330,61439.5
909103020,106297.9
909131125,143766.4
909175030,162072.7
909176180,141419.5
909201180,116269.4
909250070,159335.5
909250120,139834.3
909250200,133587.9
909250210,110324.9
909253080,138720.8
909254070,182424
909256010,147808.7
909256020,113971.4
909275230,164166.7
909275250,161691.8
909276010,181675.2
909276070,180880.8
909279040,116233
909280030,234376.1
909280070,199646.9
909281010,236239.8
909282060,212624
909282110,209017.8
909425120,219731.4
909425180,212927.2
909426060,247511.7
909428110,165759.2
909475020,216518.2
910200020,90420.4
910200060,141908.3
910203100,64315.4
910203230,74163.8
910207110,100087.9
910226060,138151.6
911175360,108253.9
911175410,45718.1
911175430,40465.4
911175440,72198.7
911225110,58474.1
911370430,348142.6
911370530,275427.1
913350030,225920.8
914452060,141403
914474020,200069.3
914476050,149686.4
914476130,152921
914476500,187066.5
916225130,332705
916252170,137116.6
916325040,222957.9
916326010,215702.9
916402125,180937.2
916403020,180324.5
916403130,230649.6
916460070,194871.7
916475100,322382.1
916477010,328606.6
921205030,365306
921205050,329316.3
923125030,87303.7
923202025,197855
923203090,161339.8
923203100,171343.4
923205120,137141.5
923225190,103304.1
923225240,132309.4
923225260,169838.9
923225510,131329.3
923226150,144904.3
923226180,77902.9
923226290,80931.6
923227100,140771.6
923228130,80670.2
923228180,78176.1
923228210,80234.8
923228260,86264.2
923228310,78217.5
923229110,161115.2
923230040,154631
923250060,160039.4
923251180,140384
923275080,142407
923276100,135208.5
923400125,127963.5
924100070,152704.8
924151050,209278.9
